kinematics:
  shoulder:
    x: 0
    y: 0
    z: 0.1627591963239814
    roll: -0
    pitch: 0
    yaw: -3.076856691704848e-07
  upper_arm:
    x: 0.0001288281872337295
    y: 0
    z: 0
    roll: 1.570317024390155
    pitch: 0
    yaw: 5.300472351763617e-06
  forearm:
    x: -0.4255428260316924
    y: 0
    z: 0
    roll: 3.139940738725926
    pitch: 3.140018767767815
    yaw: 3.141586706490542
  wrist_1:
    x: -0.3924418765380195
    y: -0.0003782965707460404
    z: 0.1342731124413633
    roll: 0.002817359059875164
    pitch: 0.0007087865883212564
    yaw: 3.355596793708595e-07
  wrist_2:
    x: 0.0001011664494819403
    y: -0.09976140484351906
    z: 4.835610760792163e-05
    roll: 1.57031160924409
    pitch: 0
    yaw: 1.126119596584971e-06
  wrist_3:
    x: 8.640963059834056e-05
    y: 0.09957228438260769
    z: 7.59409279743046e-05
    roll: 1.571558997991214
    pitch: 3.141592653589793
    yaw: -3.141592553158423
  hash: calib_5050493401631700957