kinematics:
  shoulder:
    x: 0
    y: 0
    z: 0.1624149041487866
    roll: -0
    pitch: 0
    yaw: -5.445148267718171e-09
  upper_arm:
    x: 6.697155518514493e-05
    y: 0
    z: 0
    roll: 1.570249285670119
    pitch: 0
    yaw: -1.257347597853224e-05
  forearm:
    x: -0.4252561557848316
    y: 0
    z: 0
    roll: 0.003691800460313969
    pitch: 0.0023885257248263
    yaw: -8.277806308340537e-06
  wrist_1:
    x: -0.3923849942318828
    y: -0.000783573672614734
    z: 0.1334916599128701
    roll: 0.005869765002444204
    pitch: -0.001090068951021423
    yaw: 1.152432424368271e-05
  wrist_2:
    x: 0.0001047351393728685
    y: -0.09967954321886095
    z: 7.633990567172624e-05
    roll: 1.570030473659125
    pitch: 0
    yaw: 3.418868840217369e-06
  wrist_3:
    x: -2.116858095714593e-06
    y: 0.09938009199475696
    z: -4.285585956572515e-05
    roll: 1.570365094985295
    pitch: 3.141592653589793
    yaw: 3.141592323727729
  hash: calib_7958349824524656575